o1_1 0.324920875	0.330242494	0.344836632
o1_2	 0.191958201	0.314538168	0.493503631
o1_3 0.289329094	0.326467754	0.384203152
o1_4	 0.291067892	0.340181531	0.368750577
o1_5 0.324964065	0.331179788	0.343856147
o2_1	 0.303354265	0.328853396	0.367792339
o2_2	 0.318246667	0.330154831	0.351598503
o2_3	 0.313978091	0.329001334	0.357020575
o2_4	 0.303861964	0.328035101	0.368102936
o2_5	 0.325523353	0.332035872	0.342440775
o3_1	 0.309995174	0.331115339	0.358889486
o3_2	 0.314673074	0.326368487	0.358958439
o3_3	 0.310353666	0.328027527	0.361618806
o3_4	 0.296807004	0.330189981	0.373003016
o3_5	 0.310765765	0.329063894	0.360170341
o4_1	 0.309738049	0.329304048	0.360957904
o4_2	 0.299261336	0.330024014	0.37071465
o4_3	 0.310542781	0.326025422	0.363431797
o4_4	 0.304458896	0.327015487	0.368525618
o4_5	 0.297503715	0.327837385	0.3746589
o5_1	 0.316993626	0.327961593	0.355044781
o5_2	 0.306420995	0.328829616	0.364749389
o5_3	 0.307852539	0.327774765	0.364372696
o5_4	 0.328034823	0.331740124	0.340225052
o5_5	 0.305678937	0.329491569	0.364829493
o6_1	 0.300679442	0.32681432	0.372506238
o6_2	 0.314975624	0.325934537	0.359089839
o6_3	 0.31717033	0.331039251	0.351790418
o6_4	 0.289644783	0.326512181	0.383843036
o6_5	 0.308982196	0.327204223	0.363813581
o7_1	 0.295248153	0.322091647	0.3826602
o7_2	 0.280481066	0.325207946	0.394310988
o7_3	 0.333372624	0.285917727	0.380709649
o7_4	 0.309903949	0.330164517	0.359931535
o7_5	 0.309811229	0.330176719	0.360012052
o9_1	 0.312685134	0.331592884	0.355721982
o9_2	 0.321225237	0.330341218	0.348433545
o9_3	 0.31899171	0.330963894	0.350044396
o9_4	 0.315600177	0.327276992	0.357122831
o9_5	 0.319543005	0.330387587	0.350069407
o10_1 0.303418814	0.328433424	0.368147762
o10_2 0.308487858	0.32898418	0.362527962
o10_3 0.29988959	0.328115833	0.371994577
o10_4 0.306402523	0.332061416	0.361536061
o10_5 0.317007821	0.329044296	0.353947883
